PEPTIDE_ID
1059632
1069701
1066082
1064351
1054967
1063840
1056396
1060713
1071419
1068569
1062370
1065366
1067483
1068886
1063477
1069779
1064653
1067449
1063756
1059705
1058487
1058432
1064540
1055054
1055862
1055853
1063574
1063567
1059481
1058494
1071479
1071119
1060051
1071053
1068702
1063910
1063903
1057086
1062743
1057188
1069757
1070801
1066147
1063378
1059833
1059517
1069141
1069134
1060925
1073673
1073489
1057717
1057142
1057116
1056676
1056668
1066645
1061357
1072091
1063217
1063154
1071695
1073195
1064904
1064088
1067140
1062965
1072364
1070602
1058082
1062813
1063581
1059326
1057929
1057691
1057276
1072346
1069575
1069625
1056828
1072073
1059854
1072412
1057872
1057627
1058452
1065058
1071929
1059320
1054751
1063413
1063330
1070122
1057500
1062594
1061093
1073399
1066699
1056611
